16
0 0 0 0 0 G 9 0 0 0 0 8 0 0 0 7 
F 2 0 0 0 0 5 0 0 0 0 6 0 0 0 0 
4 B 5 0 8 D 0 0 0 0 0 A 0 1 0 2 
0 0 0 0 0 4 7 E C 0 B 2 0 0 9 G 
0 F 0 0 B 0 8 0 0 0 0 0 0 0 7 0 
0 0 1 0 0 0 0 A 0 3 9 0 0 D F 0 
0 0 0 0 0 0 E 3 D 7 F 5 A 0 4 0 
6 7 3 0 0 0 0 0 0 A 0 0 1 0 0 0 
0 0 0 0 9 0 0 0 5 6 0 F D 0 8 0 
1 9 G 0 2 C 0 0 0 0 0 7 0 0 0 0 
0 0 0 4 0 0 0 0 0 0 0 G 0 0 B F 
0 0 0 0 0 0 G 0 9 0 A 0 0 5 0 4 
8 0 A 9 3 7 0 0 0 1 0 0 0 0 0 0 
7 6 0 B 0 0 4 F 3 8 0 C 0 0 0 0 
0 3 D 0 0 0 0 0 0 5 0 0 B 0 0 0 
0 0 4 0 0 0 2 0 0 0 0 0 0 E 0 0 
