16
0 7 8 0 0 0 0 G 0 0 0 0 2 0 D 0 
0 0 F 0 0 B C 0 9 8 0 0 0 0 1 0 
A 0 0 0 0 8 0 0 4 0 0 1 0 0 6 5 
0 0 9 0 F 0 A 0 2 0 B C 7 0 0 0 
G 0 0 9 0 0 0 0 0 4 0 0 0 A 8 0 
0 0 0 0 0 0 0 9 5 0 0 B 0 0 0 1 
5 0 2 C 0 0 0 F 0 E 0 0 G 0 0 6 
0 8 4 0 7 G 0 0 0 0 2 0 0 0 E 0 
7 4 B 0 2 0 0 0 0 0 0 0 9 0 0 0 
0 F 0 A 0 0 G 1 0 9 8 0 0 0 0 0 
0 0 0 0 0 6 0 0 3 0 D 0 4 0 C 2 
0 0 0 3 0 C 0 A 1 0 0 F 0 0 0 E 
0 0 E 7 0 0 8 C 0 0 0 0 0 3 0 0 
0 B 0 0 G 1 0 0 0 0 0 7 5 0 0 0 
4 0 0 6 0 0 0 0 0 G 0 3 0 2 B 0 
2 5 C 0 0 F 0 E 0 0 0 0 0 6 0 G 
