16
C D 0 9 0 0 E 0 0 0 6 0 0 0 0 0 
0 B 0 F 4 0 8 D 0 0 0 0 C A 3 0 
0 0 6 8 0 0 0 0 0 4 D 1 0 F 0 0 
0 A 0 0 F 1 0 9 0 0 B 0 0 4 0 0 
0 0 0 0 0 G 0 8 0 A 0 9 5 0 0 0 
0 5 E 0 A 0 0 0 D 0 0 0 0 0 0 3 
0 0 7 0 0 E 6 0 0 0 0 0 4 0 2 0 
0 4 0 6 B 0 0 0 0 G 1 0 0 8 9 0 
0 2 0 0 0 C A 0 3 0 0 F 8 0 0 5 
0 0 9 0 0 0 0 0 0 C 0 0 B 0 0 4 
E 0 0 0 0 0 0 7 0 9 2 0 0 0 6 0 
B 3 0 0 2 0 D 0 5 0 0 0 0 0 0 0 
0 E 5 0 0 0 3 2 0 B 0 0 1 0 D 0 
0 0 0 B 0 0 F A 9 0 G D 0 0 E C 
0 F 0 2 0 0 0 1 0 8 0 E 6 0 0 0 
4 0 D 0 0 0 5 E 0 0 0 0 0 0 F 0 
