16
0 E 0 0 9 0 2 G 0 0 0 0 0 0 0 0 
0 0 0 G 0 C 0 0 0 0 E D 0 0 0 5 
F C 0 6 0 B 5 0 0 9 2 0 7 0 E 0 
0 0 0 0 0 8 0 0 0 0 1 0 B C 3 4 
0 D 0 A 0 G F 0 0 0 0 2 6 0 8 C 
E 0 9 0 2 6 0 3 0 G 0 5 0 0 0 7 
0 6 0 0 0 0 D 0 0 0 3 0 2 A 0 0 
3 0 8 0 1 0 0 0 0 0 0 0 0 4 0 9 
0 0 G 0 0 0 6 0 7 0 0 0 0 1 0 0 
6 3 F 0 0 D 0 0 9 0 0 0 0 0 0 0 
0 0 C 0 0 0 0 0 0 F 0 0 0 0 9 D 
0 0 0 5 0 A 0 8 0 6 0 G 4 0 0 0 
1 0 7 0 F 0 0 0 0 0 0 0 D 0 6 A 
C 0 B 0 0 3 0 0 0 0 0 E 0 0 0 G 
D 0 0 0 0 0 0 1 0 7 5 0 E 8 0 0 
0 A 0 0 5 0 G 4 8 0 0 0 0 0 B 0 
