16
4 0 0 0 C 7 B 0 0 0 8 6 0 0 0 0 
8 0 7 G 0 A 0 0 E 3 0 0 4 D 0 0 
6 0 0 0 0 9 0 0 0 0 1 0 0 A 3 0 
9 0 0 0 0 0 0 D 0 0 0 4 0 0 5 F 
G 0 0 A 0 8 F 0 0 B 4 0 3 0 0 0 
0 D 3 0 0 0 A G 0 0 F 0 0 1 7 0 
0 0 6 0 0 E 0 0 0 0 2 0 0 0 0 0 
7 0 0 0 0 B 0 0 0 0 5 0 E 4 0 0 
0 1 E 2 A 0 0 4 D 0 0 0 0 0 8 0 
C 0 5 0 0 0 0 0 0 A 0 7 6 0 0 D 
0 0 0 0 0 0 0 0 3 2 9 0 F 0 0 0 
0 8 0 0 0 0 6 5 0 0 0 0 0 B 0 3 
0 0 0 0 0 0 0 E 9 1 0 0 0 0 0 0 
0 B 0 0 G 0 8 0 0 0 A 0 0 0 C 0 
5 0 0 0 F 0 0 0 0 0 3 C 7 9 E 0 
0 0 G D 0 2 1 0 0 0 0 0 5 3 6 8 
