16
0 D 0 0 0 0 F 0 0 0 0 0 B 0 0 0 
0 0 F 3 G 0 9 0 0 0 0 0 0 0 0 0 
0 0 0 0 1 0 0 D 0 4 6 8 5 3 9 C 
0 B 0 0 0 E 0 0 1 0 2 0 7 4 0 0 
0 9 2 0 A 0 0 0 0 1 0 7 E 0 0 0 
0 F 1 0 2 0 0 5 0 8 0 0 0 0 C 0 
0 0 0 D 0 8 0 0 0 0 0 C 9 0 0 5 
6 0 8 5 E 0 0 9 0 0 3 0 0 D 0 G 
0 5 6 0 0 A 0 0 0 0 0 0 0 0 D 7 
C E 0 0 0 6 0 0 A 0 1 0 0 0 B 0 
7 0 0 0 4 3 C E 0 0 B 6 0 0 0 0 
0 3 0 0 0 0 5 0 0 G 9 0 1 0 0 4 
B 0 0 0 0 0 A C 0 0 0 F 0 0 0 9 
0 0 0 0 0 0 0 0 5 3 0 0 4 A 0 8 
2 0 0 0 F 0 D 8 0 0 G 0 0 0 0 B 
G 4 C 0 7 0 0 0 0 0 0 0 0 0 E 0 
