16
D 8 1 0 0 0 0 0 0 0 0 9 0 0 0 0 
0 0 0 0 2 0 0 0 4 0 D 7 0 0 5 0 
0 0 G C 0 E 0 1 0 0 0 0 0 0 0 0 
0 9 0 4 0 0 0 0 F A 0 1 0 G 3 0 
0 0 0 8 E 0 F 0 0 0 9 0 6 0 7 0 
C 1 0 0 7 0 0 9 0 0 8 3 E 5 0 0 
0 5 0 0 0 0 0 0 0 0 C 0 2 0 B G 
0 0 0 0 4 0 0 C 0 2 0 E 0 0 0 9 
8 2 9 0 0 7 0 6 0 4 E A 0 0 0 0 
0 0 0 0 B 0 8 3 7 0 0 0 0 0 F 0 
7 4 0 0 9 0 E 0 0 0 0 0 0 0 0 B 
3 C 0 0 0 5 0 0 0 0 0 0 D 0 8 0 
0 0 0 0 1 0 3 0 0 0 0 F 5 0 E 7 
0 0 0 0 0 0 0 5 C D 0 0 0 0 0 0 
0 D 0 0 0 G C 0 0 0 2 0 0 0 0 0 
F 0 0 G 0 A 7 0 0 E 0 B 0 3 2 0 
