16
3 5 0 0 0 G 8 0 4 0 0 2 0 E 0 0 
0 0 0 9 B 0 0 0 3 0 0 C A 8 0 D 
0 4 E 0 0 F 0 0 0 0 0 0 0 C 0 0 
0 0 D 0 0 0 E 0 0 B 8 F 0 0 0 3 
D 0 1 0 6 7 0 C 0 0 3 0 0 0 0 8 
0 3 F 0 0 0 0 0 0 A 1 0 D 0 0 C 
0 0 5 0 0 0 0 G 0 2 0 4 0 B 0 0 
4 0 0 0 0 0 3 0 0 G F 8 E 0 0 5 
0 0 0 C 7 3 1 0 0 0 G 0 0 0 0 0 
0 0 0 0 F 0 G 0 0 0 2 0 0 5 0 0 
0 7 0 0 E 0 D 0 0 F A 0 6 0 0 G 
0 B 6 0 0 0 0 0 0 0 E 1 0 0 0 9 
0 0 4 7 0 B 6 0 0 0 0 0 0 9 0 0 
E 6 0 8 0 0 2 0 0 0 0 0 0 4 0 0 
0 0 0 0 0 0 0 A 0 9 C 0 G 0 8 0 
0 0 C 0 0 D 0 F 8 0 0 0 0 1 A 0 
