16
0 G 0 0 0 7 0 0 0 8 0 B 0 D 0 0 
0 0 0 0 F 0 0 0 0 1 D E 0 5 0 G 
6 A 0 0 0 0 0 0 0 0 0 0 0 8 0 C 
1 0 0 0 0 0 6 0 3 4 0 0 0 0 0 0 
0 7 E 0 0 0 9 B 4 A 0 0 0 0 0 0 
0 0 0 0 0 0 0 0 0 0 0 0 0 0 C 2 
0 B 0 0 0 4 E 1 0 0 0 0 0 0 D 9 
0 5 0 6 0 0 8 0 G 0 0 0 0 0 7 0 
G 0 0 0 0 A 0 D E 0 0 0 9 0 0 8 
0 9 6 4 G 0 0 3 0 0 0 D 0 0 2 0 
F 0 0 0 0 5 C 0 0 0 8 0 4 6 0 0 
C 0 0 0 4 0 0 0 B 2 0 A 0 0 0 0 
0 0 0 0 0 0 0 7 2 0 0 0 B 0 F 0 
5 6 0 C 2 0 0 0 A 0 0 0 3 0 8 0 
0 E 0 0 0 G 0 0 C 7 B 0 A 0 0 1 
0 D F 8 0 0 0 A 0 0 0 3 7 0 5 0 
