16
0 0 E 0 5 8 0 0 0 0 0 0 0 C F 0 
0 0 0 G 0 9 0 0 6 A 2 4 0 0 0 D 
0 0 0 0 F 0 0 0 E 0 0 0 0 A 0 0 
0 A 2 0 0 0 7 0 0 3 0 0 0 0 4 0 
0 1 0 8 0 F 0 0 0 4 3 0 E 0 B 0 
0 0 0 0 9 0 0 0 0 B 0 0 0 0 8 3 
3 0 7 E 0 0 5 0 0 D 8 0 9 0 G 1 
B 0 0 9 0 E 0 7 0 0 0 C 0 0 6 0 
0 2 6 0 7 D 0 A 0 G 0 B 1 0 0 0 
0 C 0 0 0 5 0 0 0 0 0 6 7 F 0 0 
0 0 8 0 6 0 0 0 9 0 0 5 0 0 D 4 
0 4 G 7 0 0 0 B 0 1 0 0 0 0 0 2 
0 9 B D 0 0 0 0 0 0 0 0 0 0 0 C 
1 0 5 0 8 4 C 0 0 0 0 0 D 0 0 B 
4 0 0 0 0 3 0 0 C 0 0 0 0 0 E 0 
6 0 0 0 0 0 0 G 0 0 0 8 5 0 A 0 
