16
B 0 0 0 0 5 0 0 0 0 9 0 0 0 1 0 
0 2 4 F 0 0 B G 0 0 0 E D A 0 0 
0 0 0 0 0 0 4 0 0 0 3 D 0 0 F 0 
0 7 0 0 0 0 C A 0 2 F 5 0 0 4 3 
A 0 C 9 0 6 0 0 0 E B F 2 0 0 0 
0 B 0 0 3 0 8 F 0 G 0 2 0 0 0 0 
1 6 0 0 9 0 0 0 3 0 0 0 E 0 0 0 
4 0 0 0 A 0 D B 0 0 0 8 G 0 0 0 
0 5 6 0 0 0 0 0 0 0 0 G 0 2 8 0 
0 0 0 0 F 0 0 4 0 0 0 C B 0 3 0 
0 A 0 7 0 0 0 2 9 0 0 0 C 0 0 0 
E 8 3 C 0 0 6 0 2 0 0 0 0 0 0 7 
D 0 A 0 B 2 E 0 0 0 0 0 9 0 0 1 
0 0 0 1 0 0 0 0 0 0 5 9 0 0 0 C 
0 0 0 0 8 4 0 0 0 0 0 0 3 6 0 0 
0 0 5 0 0 0 1 0 6 D A 0 0 0 0 F 
