16
0 0 0 0 0 0 0 3 0 0 4 G 1 0 0 F 
0 A 0 0 0 2 0 0 B 5 6 0 0 0 0 0 
0 0 0 1 5 0 9 0 0 D 0 0 B 0 6 0 
0 0 G 0 0 0 0 A 0 1 0 9 0 0 0 4 
2 B C 8 0 0 4 9 0 0 0 0 3 D 0 0 
0 0 0 0 0 0 0 0 0 8 0 6 0 2 A 0 
4 5 0 7 E 0 0 0 0 0 0 0 0 G 0 0 
G 0 E 0 B 1 0 0 0 0 0 0 0 9 7 0 
E 0 F 0 7 0 0 0 0 0 9 0 0 0 1 D 
0 4 0 0 0 0 0 5 0 0 0 C 0 0 0 7 
0 G 0 6 D 8 0 F 3 0 0 2 5 0 9 0 
B 0 0 0 3 0 0 G 7 0 1 A 0 0 0 0 
0 0 0 G 0 B 0 0 1 0 0 E 0 3 C 2 
C E 0 0 0 0 G 0 0 0 0 7 0 0 8 0 
7 2 0 D 0 5 0 0 0 0 A 4 0 0 0 0 
0 9 0 0 8 3 0 0 0 2 D 0 0 E 0 5 
