16
0 0 0 0 0 9 0 0 0 0 0 0 0 D A 0 
0 2 D 0 0 0 0 7 8 5 0 0 3 0 0 0 
0 5 0 0 0 0 E 4 0 F 0 0 C 0 0 9 
0 7 9 0 F C 0 0 0 0 D 1 0 6 0 0 
0 0 3 0 0 8 0 G F 0 5 0 9 0 0 0 
0 0 0 B 9 0 2 0 0 3 A 4 0 0 0 0 
F 0 0 0 A 0 1 0 0 0 8 0 0 0 0 3 
1 0 0 G 0 0 0 0 9 0 0 0 B 0 C A 
0 B C 0 0 D 0 0 3 8 0 0 5 F 0 0 
0 D 8 0 E 0 0 0 4 0 0 0 0 0 0 7 
0 9 7 0 3 0 0 0 0 0 0 5 1 G 0 0 
2 0 0 0 0 G 0 0 0 1 0 E 0 0 0 0 
4 0 0 0 0 3 0 0 2 E 0 B D 0 0 5 
E 0 0 8 6 0 7 0 0 0 0 3 0 0 G 0 
0 0 0 0 G 4 8 0 0 0 0 6 7 1 0 0 
0 0 0 0 0 0 0 0 0 D 0 0 A 0 B 0 
